931
59 85 66 92 57 93 66 69 76 96 51 98 100 56 67 54 76 80 62 98 68 85 52 60 74 84 100 65 50 97 73 56 84 57 96 76 81 78 77 51 95 70 56 92 70 56 57 74 63 91 84 51 89 94 99 76 72 83 54 79 80 97 95 65 55 75 84 90 97 68 84 82 83 66 98 82 54 68 66 67 82 78 51 76 94 83 65 83 54 67 62 91 87 100 57 66 66 85 73 75 79 96 55 51 73 67 64 93 80 76 91 62 67 63 53 76 99 84 82 89 89 81 56 90 82 58 100 53 100 61 73 90 69 55 81 71 75 87 99 75 59 82 100 95 52 66 66 75 84 61 91 68 51 72 59 57 53 53 83 97 66 90 77 90 60 55 96 66 71 61 85 57 81 69 53 73 58 98 92 68 98 78 88 57 76 82 58 66 75 86 62 96 92 67 95 65 73 89 77 70 80 54 57 71 75 73 72 71 81 83 98 70 64 56 77 93 88 50 50 72 55 63 94 72 97 85 92 61 65 62 71 87 92 74 87 66 100 100 88 90 75 97 52 95 88 76 74 50 61 81 70 76 99 77 95 71 75 76 94 55 67 69 88 53 75 76 70 62 86 98 69 63 70 78 60 92 70 50 69 79 64 58 88 78 90 78 86 76 66 81 75 75 89 55 70 59 73 95 97 58 76 52 95 58 100 82 61 71 91 94 66 88 59 77 61 66 51 78 74 80 72 77 98 72 100 88 65 75 53 57 83 100 89 78 88 54 96 72 63 71 91 77 87 97 75 69 68 53 81 64 100 81 75 62 69 56 97 83 63 58 90 57 96 55 99 57 85 83 83 94 52 85 60 97 52 55 100 75 92 72 96 91 80 60 99 77 73 76 97 61 79 66 75 61 68 58 61 73 62 81 73 53 57 93 56 85 96 65 90 60 53 90 92 86 94 70 61 78 77 70 53 56 73 56 75 61 89 100 78 83 88 90 95 65 69 79 72 68 64 95 73 91 93 70 72 63 55 51 64 57 51 59 60 90 81 78 89 90 68 53 98 77 94 96 78 94 52 57 84 52 62 88 76 55 95 86 74 53 77 86 73 55 54 65 91 95 90 100 90 84 76 65 83 95 57 65 72 54 94 56 75 55 77 69 85 71 92 100 63 54 60 76 55 70 55 62 60 69 58 71 51 53 72 66 76 79 53 95 76 77 93 94 94 55 82 73 53 70 52 73 79 52 67 77 90 51 81 84 77 89 95 62 84 80 62 54 61 85 88 84 56 50 96 79 80 74 72 91 69 85 55 54 66 78 88 52 86 79 94 58 50 68 80 98 93 51 88 63 65 89 96 55 97 70 54 95 90 55 78 89 56 64 53 60 87 85 56 91 70 90 57 69 99 95 58 59 62 86 80 63 94 96 51 91 63 87 98 75 60 55 66 68 63 100 82 66 60 82 98 87 99 58 51 72 78 78 59 97 90 58 73 53 70 69 94 100 64 72 93 79 59 93 100 90 95 81 59 64 59 62 75 88 99 94 98 89 63 70 79 53 55 55 71 91 57 80 66 50 65 84 75 90 72 67 69 80 55 99 99 80 66 88 89 93 97 70 95 72 50 92 87 65 61 55 62 74 51 92 77 97 72 94 88 85 64 67 67 67 98 88 70 79 91 56 65 72 91 89 88 96 71 79 83 77 93 96 67 86 96 95 59 100 81 82 66 50 64 84 68 52 60 71 68 68 50 91 59 65 75 76 68 100 50 92 86 56 63 61 95 68 64 61 96 85 95 58 87 91 83 75 96 92 70 63 58 94 55 90 96 80 71 55 90 75 58 81 59 81 59 86 78 71 67 80 97 54 91 91 74 84 78 96 99 81 70 72 69 62 85 74 69 62 54 76 85 69 88 70 75 97 72 58 56 83 62 89 98 98 73 65 79 99 51 57 85 86 52 74 76 50 59 54 72 77 91 54 67 94 71 69 88 64 80 78 89 62 70 60 89 73 75 50 84 75 90 51 94 70 86 77 100 90 59 81 90 58 87 78 51 70 68 76 62 92 69 54 77 59 90 83 94 99 86 52 75 77 87 90 85 54 56 79 67 63 98 54 52 77 55 83 73
7205 7420 7452 7615
7331 7817 7985 7907
7836 7796 7871 7351
7688 7364 7885 7814
7946 7742 7202 7783
7294 7914 7527 7208
7788 7359 7869 7504
7265 7582 7246 7451
7469 7834 7425 7282
7577 7622 7901 7791
7626 7565 7665 7643
7285 7240 7781 7932
7313 7270 7856 7650
7989 7672 7302 7569
7322 7485 7554 7606
7761 7379 7962 7313
7931 7775 7597 7231
7742 7924 7261 7334
7306 7302 7320 7476
7281 7713 7802 7917
7853 7219 7946 7300
7259 7226 7365 7791
7967 7364 7598 7615
7782 7217 7593 7729
7578 7503 7204 7710
7526 7933 7819 7598
7452 7576 7420 7694
7945 7916 7809 7457
7864 7397 7709 7860
7293 7356 7851 7513
7734 7841 7858 7454
7889 7842 7431 7936
7815 7958 7745 7821
7959 7490 7620 7946
7625 7659 7919 7726
7477 7632 7671 7300
7667 7540 7643 7601
7960 7672 7560 7763
7680 7461 7275 7573
7451 7584 7684 7247
7704 7886 7594 7667
7919 7518 7743 7489
7865 7618 7355 7719
7817 7307 7417 7533
7291 7728 7841 7689
7673 7876 7690 7894
7341 7368 7320 7379
7357 7980 7974 7696
7901 7354 7887 7959
7599 7626 7524 7302
7303 7994 7228 7308
7258 7450 7785 7955
7575 7441 7730 7493
7877 7429 7722 7468
7853 7731 7842 7786
7319 7395 7693 7753
7696 7379 7712 7625
7670 7519 7432 7985
7697 7258 7882 7949
7213 7944 7291 7750
7908 7933 7850 7676
7400 7652 7246 7716
7678 7629 7421 7656
7398 7944 7211 7200
7317 7591 7859 7983
7991 7575 7211 7421
7673 7407 7833 7633
7572 7655 7384 7638
7463 7996 7611 7882
7329 7349 7913 7396
7621 7282 7556 7731
7235 7522 7363 7591
7988 7791 7429 7274
7706 7290 7606 7962
7605 7588 7858 7345
7465 7441 7774 7917
7966 7656 7661 7983
7521 7690 7454 7879
7577 7848 7585 7867
7579 7868 7243 7504
7790 7442 7897 7673
7552 7335 7536 7344
7876 7716 7580 7412
7524 7434 7890 7478
7697 7842 7810 7934
7973 7318 7750 7394
7571 7952 7637 7780
7271 7652 7415 7634
7748 7312 7936 7891
7856 7748 7528 7891
7309 7925 7790 7352
7850 7488 7837 7990
7235 7219 7621 7271
7933 7247 7743 7990
7935 7958 7699 7710
7590 7964 7299 7805
7657 7838 7292 7336
7601 7552 7480 7873
7805 7279 7476 7259
7490 7766 7271 7672
7720 7945 7539 7642
7269 7498 7206 7764
7747 7321 7547 7730
7272 7938 7491 7635
7885 7737 7420 7762
7464 7525 7289 7995
7285 7533 7701 7262
7557 7766 7564 7666
7455 7574 7625 7329
7546 7639 7961 7266
7651 7749 7736 7206
7874 7539 7510 7358
7337 7974 7363 7994
7701 7305 7869 7498
7330 7614 7952 7938
7285 7222 7543 7510
7806 7741 7827 7545
7851 7455 7301 7683
7894 7554 7998 7820
7507 7688 7210 7456
7733 7302 7472 7213
7828 7852 7398 7337
7289 7639 7759 7956
7225 7616 7914 7491
7365 7314 7942 7911
7387 7766 7624 7853
7380 7730 7571 7627
7468 7614 7592 7934
7670 7902 7776 7892
7537 7932 7316 7748
7227 7326 7726 7821
7282 7815 7756 7537
7648 7851 7262 7807
7856 7756 7716 7232
7240 7731 7967 7398
7772 7397 7983 7820
7571 7495 7773 7869
7981 7902 7262 7955
7781 7242 7385 7413
7866 7509 7932 7815
7801 7359 7953 7523
7843 7224 7895 7502
7839 7704 7765 7571
7330 7212 7416 7586
7507 7232 7611 7529
7481 7923 7812 7816
7676 7293 7839 7826
7606 7586 7466 7581
7579 7649 7413 7929
7564 7422 7544 7873
7552 7616 7884 7719
7669 7597 7257 7989
7332 7744 7849 7607
7935 7588 7444 7734
7293 7746 7600 7253
7234 7759 7625 7386
7730 7305 7423 7578
7861 7453 7202 7763
7948 7335 7969 7927
7773 7458 7546 7803
7347 7570 7441 7535
7347 7594 7487 7215
7618 7416 7586 7941
7294 7592 7523 7499
7911 7700 7220 7416
7665 7413 7545 7654
7439 7765 7285 7927
7382 7358 7341 7740
7962 7374 7361 7587
7312 7249 7824 7626
7772 7852 7573 7771
7953 7301 7716 7356
7695 7820 7480 7541
7470 7528 7831 7636
7212 7510 7610 7676
7898 7350 7405 7319
7723 7988 7417 7545
7603 7784 7342 7740
7399 7880 7907 7576
7421 7937 7953 7230
7269 7330 7691 7546
7365 7658 7300 7986
7922 7770 7273 7363
7395 7709 7669 7481
7498 7512 7336 7866
7571 7583 7270 7608
7775 7698 7777 7545
7859 7740 7656 7888
7364 7730 7274 7361
7856 7698 7211 7203
7575 7700 7737 7362
7709 7757 7346 7482
7423 7707 7997 7997
7393 7777 7343 7974
7766 7993 7639 7704
7733 7826 7573 7542
7210 7770 7593 7892
7973 7503 7240 7755
7541 7252 7585 7285
7446 7424 7759 7886
7708 7330 7460 7634
7801 7753 7688 7384
7400 7314 7929 7721
7292 7915 7610 7233
7290 7566 7727 7858
7757 7712 7561 7830
7777 7817 7511 7327
7484 7538 7950 7842
7656 7812 7547 7688
7246 7714 7358 7487
7759 7478 7976 7347
7520 7953 7345 7840
7229 7972 7621 7443
7385 7535 7782 7714
7496 7398 7920 7715
7575 7477 7877 7934
7803 7428 7581 7648
7891 7213 7209 7684
7234 7847 7756 7298
7618 7778 7541 7629
7904 7221 7441 7667
7945 7692 7395 7470
7837 7286 7303 7920
7229 7892 7359 7842
7924 7735 7875 7797
7860 7498 7684 7627
7621 7731 7245 7556
7622 7594 7970 7732
7455 7236 7719 7772
7322 7866 7200 7465
7485 7273 7399 7911
7481 7619 7378 7443
7862 7812 7549 7752
7957 7933 7393 7816
7613 7342 7898 7769
7296 7752 7454 7692
7328 7837 7703 7733
7787 7243 7535 7988
7695 7400 7798 7777
7637 7395 7306 7848
7474 7729 7346 7723
7854 7451 7917 7441
7308 7850 7489 7249
7207 7498 7666 7278
7586 7712 7612 7656
7284 7890 7661 7478
7980 7589 7719 7278
7593 7639 7364 7349
7354 7773 7314 7800
7422 7458 7383 7545
7262 7656 7871 7640
7835 7659 7826 7548
7245 7799 7706 7940
7542 7439 7287 7708
7840 7770 7999 8000
7461 7798 7740 7619
7747 7233 7364 7819
7639 7538 7541 7532
7972 7484 7731 7261
7492 7689 7272 7334
7487 7841 7207 7312
7412 7651 7272 7415
7917 7454 7995 7362
7848 7930 7253 7363
7514 7232 7663 7581
7962 7559 7795 7921
7362 7316 7405 7623
7823 7467 7669 7859
7864 7385 7498 7642
7436 7900 7362 7924
7351 7795 7260 7624
7506 7520 7609 7713
7217 7521 7482 7399
7425 7559 7313 7485
7698 7537 7736 7409
7694 7366 7478 7653
7725 7665 7449 7676
7661 7919 7219 7911
7540 7980 7328 7444
7866 7331 7541 7421
7938 7677 7534 7891
7992 7942 7587 7630
7712 7526 7823 7644
7295 7476 7742 7510
7847 7284 7396 7708
7693 7207 7222 7992
7517 7575 7809 7788
7781 7280 7568 7395
7373 7317 7490 7553
7397 7985 7838 7409
7351 7618 7581 7763
7652 7480 7322 7286
7648 7388 7499 7759
7368 7412 7404 7832
7321 7236 7252 7921
7883 7583 7878 7225
7419 7646 7422 7460
7641 7590 7244 7338
7715 7372 7280 7868
7737 7988 7548 7852
7320 7878 7892 7967
7852 7294 7889 7561
7896 7208 7808 7299
7510 7949 7551 7833
7434 7576 7349 7819
7895 7407 7536 7283
7247 7334 7612 7407
7837 7800 7237 7612
7993 7573 7611 7319
7477 7317 7651 7222
7732 7488 7836 7801
7485 7462 7289 7702
7655 7828 7353 7738
7481 7951 7717 7369
7252 7867 7903 7793
7849 7387 7938 7952
7929 7318 7760 7356
7832 7919 7785 7401
7764 7921 7917 7625
7357 7836 7469 7481
7552 7803 7520 7969
7432 7390 7957 7429
7719 7254 7825 7569
7448 7280 7341 7253
7819 7290 7505 7994
7601 7285 7567 7613
7526 7840 7787 7341
7948 7385 7695 7473
7315 7494 7695 7885
7662 7618 7552 7325
7862 7556 7721 7566
7310 7529 7846 7996
7257 7757 7924 7412
7259 7564 7557 7985
7397 7776 7365 7710
7294 7549 7671 7716
7932 7226 7839 7537
7239 7952 7445 7578
7250 7401 7331 7716
7270 7739 7393 7994
7475 7908 7335 7501
7575 7279 7382 7446
7479 7962 7565 7879
7836 7318 7426 7595
7736 7291 7848 7962
7301 7949 7539 7524
7274 7757 7414 7789
7471 7344 7440 7914
7690 7678 7393 7909
7786 7796 7337 7306
7297 7723 7846 7689
7227 7807 7973 7789
7626 7704 7608 7926
7881 7571 7229 7685
7359 7828 7547 7614
8000 7328 7538 7713
7370 7829 7970 7264
7903 7865 7637 7438
7773 7845 7357 7332
7957 7477 7894 7264
7611 7400 7992 7468
7918 7425 7789 7317
7380 7323 7583 7925
7521 7938 7775 7470
7911 7460 7661 7476
7234 7886 7283 7693
7393 7267 7451 7495
7925 7807 7564 7652
7994 7321 7557 7759
7954 7562 7667 7778
7717 7910 7297 7258
7593 7529 7728 7897
7738 7760 7671 7774
7933 7808 7228 7899
7304 7735 7845 7575
7586 7506 7997 7641
7989 7262 7709 7408
7902 7899 7678 7415
7229 7881 7653 7741
7295 7675 7449 7668
7400 7352 7636 7822
7607 7777 7392 7382
7872 7544 7835 7842
7529 7316 7902 7273
7206 7465 7610 7674
7408 7896 7835 7415
7876 7230 7433 7696
7413 7964 7751 7703
7567 7775 7879 7971
7974 7467 7733 7397
7362 7731 7638 7512
7766 7681 7334 7583
7251 7816 7490 7606
7399 7259 7550 7205
7574 7888 7649 7823
7289 7235 7513 7953
7725 7902 7945 7921
7998 7270 7640 7930
7516 7941 7654 7596
7978 7819 7683 7926
7426 7360 7504 7436
7850 7378 7218 7391
7379 7714 7610 7866
7291 7690 7283 7719
7462 7838 7622 7839
7828 7849 7353 7209
7280 7212 7977 7857
7261 7358 7890 7972
7554 7707 7203 7504
7875 7296 7276 7536
7332 7655 7748 7353
7857 7656 7349 7236
7561 7663 7917 7791
7788 7609 7215 7267
7908 7442 7376 7283
7765 7310 7873 7793
7896 7294 7837 7260
7483 7240 7662 7762
7989 7637 7672 7366
7532 7825 7980 7321
7682 7883 7999 7236
7418 7280 7706 7482
7903 7785 7920 7809
7543 7599 7471 7414
7211 7361 7250 7291
7771 7917 7538 7707
7688 7686 7336 7777
7337 7999 7457 7619
7255 7367 7268 7365
7822 7486 7557 7850
7616 7391 7868 7443
7270 7864 7549 7647
7427 7981 7823 7547
7911 7417 7469 7440
7253 7278 7285 7340
7715 7991 7382 7328
7841 7615 7963 7539
7997 7207 7791 7543
7422 7564 7750 7287
7371 7451 7816 7849
7850 7897 7471 7668
7978 7675 7576 7891
7571 7253 7830 7270
7395 7500 7987 7988
7545 7809 7940 7272
7271 7385 7407 7734
7448 7293 7509 7610
7402 7786 7416 7400
7716 7595 7891 7529
7631 7946 7676 7366
7325 7455 7477 7947
7850 7440 7350 7986
7776 7263 7436 7708
7892 7613 7536 7229
7943 7761 7689 7361
7980 7885 7714 7213
7298 7318 7503 7737
7751 7329 7353 7931
7326 7208 7925 7770
7720 7729 7416 7600
7357 7417 7962 7534
7591 7865 7282 7880
7496 7819 7489 7600
7432 7856 7824 7850
7859 7712 7897 7704
7488 7979 7923 7475
7412 7432 7714 7699
7498 7350 7691 7793
7715 7733 7425 7374
7449 7563 7878 7892
7216 7425 7575 7996
7643 7443 7783 7277
7433 7288 7438 7864
7876 7316 7531 7286
7374 7776 7778 7627
7552 7929 7401 7667
7387 7202 7706 7387
7901 7205 7421 7548
7976 7554 7793 7871
7844 7628 7614 7866
7534 7367 7411 7560
7707 7607 7895 7924
7499 8000 7568 7359
7480 7430 7761 7852
7915 7399 7316 7564
7321 7772 7703 7970
7715 7698 7448 7802
7364 7585 7652 7539
7466 7707 7436 7503
7665 7303 7652 7999
7381 7773 7915 7503
7914 7585 7260 7811
7633 7774 7661 7685
7576 7338 7706 7580
7248 7965 8000 7505
7259 7938 7582 7454
7972 7340 7376 7538
7972 7565 7456 7457
7687 7463 7464 7203
7342 7858 7735 7248
7643 7727 7539 7679
7503 7913 7353 7606
7413 7526 7860 7652
7566 7845 7381 7651
7463 7445 7558 7890
7588 7431 7724 7340
7204 7526 7497 7377
7693 7221 7557 7454
7345 7825 7981 7903
7326 7696 7455 7807
7916 7346 7210 7765
7613 7477 7645 7440
7800 7818 7373 7601
7563 7731 7985 7672
7257 7833 7905 7604
7276 7809 7268 7702
7989 7536 7646 7513
7388 7985 7237 7814
7267 7748 7313 7391
7475 7897 7639 7577
7267 7318 7667 7908
7463 7941 7444 7354
7296 7733 7896 7247
7537 7552 7680 7783
7675 7411 7779 7497
7483 7253 7488 7227
7246 7917 7840 7697
7965 7456 7547 7761
7500 7489 7746 7669
7321 7881 7660 7772
7408 7474 7512 7407
7282 7726 7495 7708
7435 7232 7334 7298
7204 7610 7358 7821
7838 7899 7959 7562
7425 7854 7443 7650
7489 7291 7363 7693
7844 7311 7845 7615
7340 7612 7212 7288
7785 7501 7665 7386
7420 7724 7710 7978
7596 7798 7755 7380
7346 7571 7487 7691
7257 7682 7788 7267
7822 7799 7436 7730
7249 7664 7752 7883
7472 7306 7950 7908
7901 7589 7483 7796
7801 7676 7814 7637
7628 7218 7244 7968
7779 7675 7955 7533
7218 7503 7976 7985
7236 7311 7675 7888
7795 7617 7230 7983
7702 7630 7277 7751
7558 7221 7777 7281
7849 7258 7514 7765
7250 7594 7621 7873
7218 7488 7321 7645
7303 7694 7334 7550
7586 7313 7252 7712
7384 7211 7673 7490
7780 7578 7869 7945
7375 7613 7885 7772
7546 7726 7582 7550
7683 7415 7405 7991
7994 7925 7919 7657
7341 7611 7390 7312
7854 7625 7563 7938
7696 7478 7776 7588
7870 7522 7817 7429
7549 7368 7738 7577
7960 7763 7287 7937
7750 7863 7999 7698
7355 7838 7710 7454
7731 7813 7317 7306
7669 7424 7352 7725
7371 7362 7760 7625
7933 7323 7249 7563
7424 7587 7334 7627
7200 7912 7423 7223
7686 7870 7456 7838
7742 7498 7372 7445
7298 7270 7915 7726
7462 7529 7620 7665
7626 7585 7800 7602
7844 7964 7754 7444
7402 7403 7744 7541
7457 7259 7643 7862
7668 7578 7300 7504
7906 7312 7526 7422
7930 7237 7717 7980
7377 7547 7403 7984
7903 7921 7976 7499
7475 7718 7437 7915
7425 7938 7594 7324
7875 7736 7929 7629
7838 7676 7672 7439
7681 7336 7775 7665
7824 7328 7211 7246
7678 7693 7244 7820
7274 7957 7241 7913
7219 7420 7667 7302
7654 7301 7725 7254
7400 7735 7406 7328
7224 7719 7473 7861
7703 7759 7779 7202
7579 7299 7403 7984
7228 7870 7974 7349
7975 7962 7569 7604
7551 7764 7357 7482
7552 7808 7356 7583
7680 7929 7821 7624
7341 7837 7228 7294
7557 7838 7888 7748
7752 7243 7684 7387
7777 7279 7361 7619
7427 7670 7948 7522
7539 7604 7706 7337
7740 7838 7913 7872
7732 7832 7984 7600
7785 7698 7420 7245
7606 7696 7482 7442
7719 7239 7484 7800
7423 7315 7969 7749
7752 7866 7964 7580
7694 7499 7707 7842
7330 7968 7978 7343
7468 7984 7378 7438
7569 7554 7620 7823
7718 7287 8000 7660
7283 7772 7690 7537
7849 7647 7701 7626
7718 7954 7947 7638
7395 7512 7324 7583
7270 7988 7812 7831
7512 7923 7477 7516
7748 7900 7446 7310
7242 7271 7956 7958
7334 7958 7353 7962
7714 7889 7642 7745
7940 7479 7964 7963
7506 7412 7899 7243
7878 7929 7234 7839
7624 7564 7382 7937
7731 7819 7663 7300
7985 7662 7217 7801
7693 7984 7389 7741
7553 7746 7249 7598
7213 7876 7876 7302
7442 7881 7914 7679
7314 7749 7981 7392
7978 7285 7698 7715
7786 7866 7330 7287
7567 7473 7500 7905
7736 7406 7572 7799
7319 7583 7465 7580
7337 7706 7552 7360
7478 7361 7449 7720
7663 7503 7313 7385
7619 7539 7635 7893
7973 7283 7939 7761
7781 7416 7857 7998
7602 7814 7569 7559
7462 7283 7276 7816
7739 7569 7495 7472
7550 7460 7466 7459
7476 7674 7910 7931
7534 7220 7894 7741
7614 7523 7949 7641
7918 7986 7323 7212
7993 7460 7951 7237
7663 7975 7478 7576
7855 7419 7484 7691
7643 7272 7903 7403
7315 7405 7870 7583
7284 7821 7854 7749
7344 7746 7875 7327
7462 7729 7639 7671
7578 7205 7952 7501
7737 7662 7749 7811
7477 7595 7660 7710
7986 7908 7507 7687
7928 7471 7683 7724
7799 7541 7244 7207
7263 7961 7668 7727
7318 7747 7739 7932
7427 7340 7354 7464
7996 7783 7312 7848
7697 7305 7347 7266
7714 7747 7677 7459
7316 7477 7679 7668
7608 7835 7353 7946
7934 7507 7552 7303
7242 7564 7204 7638
7338 7318 7566 7683
7861 7757 7449 7833
7370 7684 7838 7317
7667 7899 7978 7982
7922 7222 7965 7939
7457 7534 7884 7719
7723 7687 7287 7390
7722 7639 7210 7992
7463 7867 7552 7793
7212 7223 7902 7977
7933 7786 7817 7459
7679 7316 7733 7906
7549 7800 7442 7854
7753 7433 7504 7555
7437 7868 7632 7715
7386 7868 7908 7834
7654 7981 7937 7968
7517 7576 7722 7834
7862 7818 7515 7476
7324 7744 7698 7961
7404 7249 7216 7487
7830 7673 7697 7296
7718 7779 7263 7643
7202 7758 7596 7711
7662 7592 7500 7838
7391 7906 7555 7355
7571 7234 7442 7522
7676 7575 7835 7402
7655 7328 7690 7884
7370 7220 7218 7727
7571 7990 7399 7733
7395 7882 7559 7620
7363 7485 7622 7468
7861 7243 7748 7572
7807 7240 7661 7369
7427 7218 7271 7598
7460 7436 7701 7459
7567 7587 7550 7612
7226 7639 7910 7460
7684 7387 7271 7913
7573 7652 7969 7977
7853 7345 7218 7971
7876 7253 7622 7310
7938 7745 7820 7279
7591 7724 7579 7461
7851 7472 7967 7664
7580 7594 7820 7952
7718 7529 7467 7587
7360 7568 7466 7284
7935 7900 7357 7574
7914 7593 7526 7514
7702 7288 7988 7749
7552 7705 7857 7314
7672 7609 7899 7729
7454 7367 7739 7681
7728 7851 7751 7569
7592 7219 7403 7334
7655 7477 7821 7248
7419 7309 7591 7663
7217 7388 7557 7674
7762 7474 7298 7415
7893 7563 7756 7587
7210 7213 7650 7967
7641 7451 7988 7216
7219 7534 7334 7400
7497 7359 7421 7206
7355 7873 7986 7982
7961 7505 7617 7918
7756 7830 7561 7200
7664 7413 7685 7695
7607 7971 7600 7611
7529 7201 7928 7273
7795 7531 7577 7486
7574 7487 7560 7550
7259 7855 7512 7335
7703 7988 7305 7389
7586 7459 7303 7511
7723 7265 7632 7293
7911 7788 7736 7502
7993 7263 7427 7785
7451 7246 7700 7307
7762 7316 7705 7739
7631 7909 7423 7297
7667 7815 7790 7906
7910 7277 7420 7430
7905 7732 7776 7226
7820 7775 7490 7491
7870 7540 7423 7308
7234 7538 7365 7760
7571 7536 7974 7465
7575 7505 7956 7603
7888 7321 7556 7825
7975 7588 7677 7509
7496 7756 7416 7890
7339 7423 7678 7932
7326 7441 7499 7403
7203 7391 7701 7863
7623 7665 7875 7900
7903 7702 7255 7835
7767 7443 7469 7255
7410 7911 7875 7892
7668 7250 7930 7831
7525 7819 7439 7850
7336 7909 7253 7576
7769 7917 7342 7704
7303 7734 7411 7391
7637 7807 7407 7284
7805 7746 7457 7821
7239 7916 7824 7610
7691 7631 7835 7698
7474 7912 7209 7579
7925 7244 7827 7284
7995 7318 7521 7272
7610 7661 7201 7527
7226 7671 7457 7306
7733 7938 7357 7577
7802 7969 7666 7257
7738 7275 7486 7534
7639 7810 7815 7346
7309 7954 7710 7212
7846 7893 7954 7233
7671 7714 7523 7523
7724 7469 7530 7359
7522 7659 7456 7914
7859 7904 7765 7981
7914 7828 7283 7560
7705 7909 7731 7509
7596 7529 7361 7540
7636 7209 7525 7478
7774 7566 7970 7362
7931 7968 7888 7379
7927 7762 7707 7373
7593 7740 7973 7561
7906 7809 7929 7879
7595 7380 7360 7562
7720 7254 7721 7666
7691 7470 7634 7441
7318 7829 7978 7506
7743 7554 7645 7545
7236 7814 7349 7698
7378 7446 7422 7758
7827 7248 7753 7431
7754 7234 7825 7997
7382 7495 7804 7664
7533 7748 7618 7252
7647 7514 7896 7205
7232 7458 7429 7462
7936 7326 7452 7942
7344 7584 7595 7400
7960 7823 7240 7302
7250 7446 7997 7652
7698 7879 7679 7949
7680 7971 7237 7816
7455 7910 7381 7946
7271 7708 7673 7762
7330 7480 7332 7642
7368 7354 7524 7554
7422 7522 7283 7394
7455 7293 7918 7283
7318 7782 7291 7864
7334 7373 7462 7627
7938 7708 7466 7600
7321 7385 7338 7705
7597 7625 7604 7271
7340 7735 7938 7624
7572 7615 7655 7259
7817 7356 7275 7744
7378 7464 7532 7994
7655 7898 7670 7508
7687 7354 7906 7799
7311 7919 7364 7613
7692 7916 7303 7335
7558 7868 7373 7409
7525 7999 7203 7907
7998 7341 7816 7311
7553 7956 7288 7387
7230 7651 7922 7271
7291 7270 7254 7407
7288 7645 7481 7510
7618 7481 7348 7835
7678 7295 7470 7571
7992 7497 7632 7377
7633 7286 7706 7394
7815 7722 7464 7904
7946 7716 7403 7362
7330 7433 7532 7475
7379 7297 7541 7292
7947 7220 7903 7263
7886 7685 7643 7594
7992 7550 7324 7212
7435 7909 7603 7215
7543 7526 7403 7812
7747 7794 7901 7589
7331 7697 7398 7954
7305 7937 7485 7561
7811 7988 7548 7469
7574 7334 7283 7791
7876 7758 7893 7995
7772 7379 7371 7728
7927 7435 7513 7405
7216 7513 7789 7459
7950 7919 7484 7666
7951 7890 7602 7669
7397 7462 7367 7509
7812 7290 7870 7831
7554 7487 7275 7543
7401 7451 7419 7325
7297 7634 7246 7602
7780 7287 7404 7824
7878 7512 7560 7472
7243 7241 7444 7304
7235 7909 7587 7809
7445 7839 7456 7680
7562 7331 7437 7213
7643 7876 7204 7645
7682 7559 7496 7343
7652 7803 7999 7331
7685 7835 7492 7794
7763 7696 7339 7358
7887 7599 7411 7209
7429 7478 7380 7423
7264 7755 7389 7945
7550 7267 7937 7999
7211 7418 7574 7837
7803 7660 7272 7538
7360 7767 7778 7468
7599 7660 7975 7966
7807 7876 7951 7935
7509 7693 7355 7859
7271 7477 7681 7320
7604 7706 7435 7666
7635 7578 7342 7468
7282 7216 7222 7425
7797 7925 7206 7644
7796 7560 7519 7271
7737 7883 7951 7743
