935
847120560 608294451 918160933 755600857 576803216 798049671 590014477 610831360 678861133 862346529 839622743 719500578 661222136 884547433 799790330 640268267 597985858 745778306 625544941 504797238 517234119 699699894 805513327 591290378 750959604 603240575 761167535 788364076 580127208 662761010 611037326 991699840 778414070 601494130 585897061 689628004 880246219 523937443 920190503 612053168 687612103 748720782 864031920 836046083 506109470 559911041 533088768 878133278 963146474 840153739 852590748 818020323 924654712 832869276 875907693 708868392 604302523 509197835 540014515 978099266 714532902 521147722 938860955 699123112 593799951 672189124 770745277 910532292 859228442 890389796 540458437 515102698 623170761 914255082 948773078 995710964 726075481 955208151 959046977 760302147 611437354 725784038 561373474 837993423 535421641 624498700 837639302 801493627 916829317 992556329 784211892 524578345 854920648 952466352 500655900 740662784 515149439 672999429 830441444 823987783 671625583 774317346 815261072 543298526 679119733 901191526 692047519 979114149 658805901 758618637 557727112 717188202 695911884 625394445 979990702 876844749 996150972 652590380 750458569 721303636 572380531 570222466 896898302 777518607 840595326 978843331 593654154 620372497 965796577 603342905 700483354 988211340 533474885 537979095 642849765 929931597 673214250 562323976 666269141 955948065 936652508 624176022 990722661 872714379 581946718 967215480 741141069 581642100 927404265 759550620 704377699 756441913 615907825 975170033 884563035 733464283 573785639 674411412 761667335 848017324 567374295 648466614 922692156 904428366 515028388 606074067 839946119 702591515 572225442 893732624 966256619 554053507 712859966 874586025 955290025 868606533 684270972 902512701 724074538 653393503 744628848 693723111 685918984 699488875 636333253 547388237 815923058 683038761 978114992 836024049 788660138 772629734 908673486 588899122 846487273 734546089 690092980 978867373 734558669 560668258 634529093 643249758 608841814 857971085 615124802 886081535 560270385 860286215 752992207 676058178 722798856 806940948 820524631 745772636 943951224 619808420 876092074 845085242 863647694 681984768 586669775 631272378 725148805 995453649 550890843 645446357 659959500 782073266 884142296 929357801 693986715 540149227 802779620 756007315 951205357 802245933 780209831 893419959 596693227 960326241 929557873 796572889 627168669 843723960 987392730 635449381 528879254 897143222 504813901 622014973 712206056 655644799 812509462 712660085 785541418 978463209 675195383 946757831 870330224 551578562 717906786 614955700 707612324 972485958 924659085 900883499 679429181 610040733 678402854 728855776 796184973 790211870 887269294 543569639 591265343 838989212 944883046 538972473 946801774 517832520 717507522 825409361 686696240 696468840 560689370 548368502 888400692 588606412 549477289 926721499 858784029 881719614 924487150 943105868 508245486 860923864 773525939 876447654 743953059 550348554 914266115 671349260 527571159 647603411 567272914 558946628 553231726 709209773 545858884 994542558 994338616 605394085 554541532 908146368 890916510 540915241 707743008 960490004 829148596 612022869 814303556 861530013 831215484 818266416 762233748 653577638 843135604 623199513 852522825 743421114 696993443 754731213 654358416 971391977 563569373 564074038 850337803 975700253 799862200 730491894 795663774 941413099 774287582 900014901 964872942 989267568 800792293 740630430 981003466 686845321 887514963 879397305 839574430 505231703 840008935 675567512 832232347 897836949 828903312 696663582 990438152 505773282 867610555 819819444 859061038 576902940 874814699 688193634 954430827 770591617 768643784 626714798 603381480 999501245 706581039 888795138 832448702 919305827 879796774 814925640 503222868 848332887 835926032 617877843 933352591 991076338 810408418 799991143 938639569 829420525 888434799 616539927 917005165 896534719 662717643 654119432 745360825 524419157 611690688 747664950 841006056 609036314 981028676 823765467 611261694 760015357 638432655 640461643 852306459 965798052 982316161 932351545 652412264 891653744 689456221 990276479 574298598 834608938 635055682 721127021 657793562 651272708 515512013 658671886 966949295 789341178 935043885 514973051 582439146 739260566 538328295 708069830 529948482 955928044 770937970 548042358 900537262 542660206 763328634 767381077 728816166 922753998 606197123 940649308 925153036 922322345 784616125 895069781 685796937 709421205 735537811 860843813 987268987 500604768 999622375 987345467 621260848 560189083 600562595 556215613 634511011 582175392 986359426 735308591 647708706 791104587 881534378 937338984 852807590 552127721 832614163 873672681 869427218 793941446 749541989 553422483 937949449 944467360 667925763 944524343 789465319 807123182 848157196 976846179 967733948 706938443 636611846 615655560 679624811 759061742 667225461 818449032 689075573 662767106 824045297 535662453 510206684 860741886 803600830 704386681 624974350 965646414 737394774 826748622 924471629 655221323 688375784 767192145 660952273 783648481 510762489 998336438 972212692 634948085 687695920 674334455 941709831 567898832 534522724 811446260 660569596 895989956 708229173 553660271 687805400 586033994 649277214 555426416 687361545 945888102 906855010 755450242 920197526 962829156 742331484 721042985 899024216 655518271 654640011 677908578 668825900 950009506 567940155 667125061 809830026 619161028 984668681 729179196 511731621 646335939 596664829 582888318 718705591 581416309 599222964 730396804 595606239 593004955 542766027 806482745 868964225 698881941 853007468 707396718 886464076 984776344 940505344 641128125 891158616 775647079 982389658 941469399 670313030 542056220 620804164 810609276 503876722 761180050 805282106 632744335 587740286 587042346 513482869 909833344 731226319 850574851 607804799 933839118 964620496 683468094 972469685 778192202 678093498 703495014 655797501 673900721 864288819 894556387 662940783 595234321 905374030 628793830 822947642 551637516 661682949 777649580 738664386 972243876 618553111 575091982 732855085 743082911 522023172 947165300 589361228 565999290 574416989 658522576 661809278 777364254 573045656 575812506 881511042 891758003 822596860 617322481 789687584 575608264 633101820 685550706 669086684 626303997 669806681 846311689 983189191 955829412 934638667 759229656 624593870 808842068 861204142 725372503 577418693 773155401 601370220 986949128 577479238 882949214 817923373 513366580 803513673 977427526 874342684 584978613 571295302 623729443 633668279 704921975 736988411 886614435 532146929 763621361 610583410 673181587 861032638 990207803 628770625 653436548 526510039 690787172 531418775 958522320 960834327 619722702 822890699 805918080 909510903 959195197 548928245 922029689 892900997 834002697 549316202 655618582 837351097 681314650 978443719 952341250 725731112 788778472 857770380 688362476 540882759 570711240 772129033 671669457 717963061 782908798 985201092 800832668 524721158 518862245 796672036 809082858 726680658 882949238 806484196 791446112 786179629 747804974 508207944 585997091 783741807 578672740 508550688 872765352 976760810 709830592 861791895 588411365 975084025 799951096 513641706 647640755 591016044 640663658 704789322 683779214 958143081 629806987 835929214 572284023 889246382 957313830 599513180 559348149 963435951 577422810 602556004 722495563 966386661 639149892 550630660 712513524 945907121 872139157 558325242 930709678 993404914 757326041 520495421 508009118 844452870 539577401 884694304 640906225 680519614 731730125 729317587 580656335 669977277 972757394 677717084 885073760 779168011 790805403 792694742 504937398 609729708 651391903 582916767 972516996 637202487 761135845 795886963 785176476 755606933 834991703 789221746 655567194 616956870 786777181 600759170 603801273 951147969 503002302 996138075 592638251 709381305 983060039 890377994 579812158 863099599 740382089 657409122 631607627 832280555 555766731 923327190 863133778 862734485 815901813 780735429 909444312 967594402 558384382 544406312 685426508 926076184 786016244 866175522 505551184 752519514 930737620 630858665 923594840 622131816 659378575 646680533 784433466 629348504 969377782 952027807 724410301 968066703 634605829 776339769 945975449 814009724 649479811 842322850 785332299 609734724 716438187 625337245 759386241 963075455 522401530 775243829 951115589 752361222 809484372 857460298 550991504 968872767 684963468 872749562 928195308 630262692 783996625 674312224 927945218 777839243 911095682 728144332 609226439 589112237 804325750 568929249 710981138 974278420 665615832 799758598 658198975 722966806 748016008 895078567 883430465 939331330 527366311 508537761 802000088 646876298 672236410 539670410 957857591 848240581 899617259 716371283 910366883 819810492 656625837 753966833 946887009 790143278 716968700 814644380 538458354 552004223 651975356 514581697 630328482 687798654 882163942 951728807 694643055 635445403 720418929 941725226 995160076 685770262 605156621 751841407 646511235 830740883 664172681 652517343 558306041 934327680 516873015 906148857 523088999 634435887 924908837 531151673 960974324 701998390 607721469 725967425 557736060 615566103 526612175 579668271 863522679 893371174 838950562 776042177 865080970 668155526 668515612 805078442 948368303 635295473 784597808 860272992
7970 7252 7575 7516
7681 7827 7317 7332
7735 7533 7470 7386
7269 7445 7289 7727
7543 7752 7758 7568
7428 7307 7624 7922
7486 7229 7727 7377
7449 7608 7984 7684
7225 7779 7297 7297
7436 7262 7932 7211
7750 7682 7593 7881
7212 7988 7770 7948
7637 7514 7829 7754
7912 7370 7425 7418
7424 7975 7877 7789
7422 7273 7749 7933
7805 7796 7649 7881
7820 7752 7215 7956
7748 7984 7527 7403
7973 7378 7570 7698
7217 7424 7438 7803
7945 7635 7452 7635
7729 7642 7904 7820
7599 7890 7895 7971
7527 7425 7590 7212
7882 7504 7213 7879
7875 7482 7309 7705
7242 7490 7855 7759
7315 7251 7800 7808
7821 7674 7340 7313
7534 7860 7808 7815
7795 7486 7380 7697
7724 7410 7925 7426
7829 7516 7771 7372
7969 7856 7278 7292
7927 7562 7907 7298
7986 7508 7859 7329
7407 7906 7938 7471
7470 7346 7710 7996
7529 7722 7587 7895
7538 7216 7847 7650
7318 7990 7600 7757
7441 7813 7792 7721
7888 7327 7919 7821
7680 7388 7643 7557
7735 7586 7339 7316
7787 7988 7280 7306
7642 7241 7714 7231
7512 7978 7707 7402
7221 7208 7971 7331
7342 7853 7347 7279
7916 7745 7977 7938
7225 7964 7539 7882
7347 7510 7888 7587
7355 7552 7363 7393
7359 7575 7268 7475
7596 7572 7689 7672
7398 7513 7511 7917
7993 7816 7449 7239
7955 7737 7613 7336
7558 7584 7693 7956
7268 7691 7308 7294
7762 7356 7898 7211
7842 7707 7388 7521
7847 7417 7475 7981
7658 7698 7960 7495
7889 7795 7563 7230
7761 7829 7623 7710
7256 7305 7664 7266
7988 7702 7259 7577
7933 7860 7439 7646
7797 7855 7468 7245
7873 7775 7280 7578
7645 7538 7202 7532
7633 7269 7350 7392
7724 7509 7480 7899
7242 7692 7989 7296
7736 7601 7572 7321
7272 7954 7203 7485
7326 7490 7311 7965
7892 7616 7247 7748
7623 7311 7610 7392
7323 7503 7435 7527
7421 7400 7753 7706
7203 7257 7465 7635
7812 7920 7801 7276
7481 7641 7962 7392
7387 7682 7599 7416
7731 7971 7464 7292
7915 7693 7848 7924
7233 7315 7668 7579
7597 7864 7781 7727
7960 7860 7343 7564
7877 7856 7285 7309
7950 7686 7510 7951
7377 7666 7853 7941
7953 7764 7794 7550
7344 7521 7496 7333
7351 7552 7854 7301
7521 7818 7739 7234
7461 7581 7572 7907
7236 7526 7630 7291
7257 7573 7304 7885
7649 7331 7577 7696
7325 7876 7928 7838
7419 7394 7957 7966
7941 7635 7461 7702
7588 7297 7275 7915
7954 7750 7764 7584
7476 7424 7950 7846
7635 7943 7856 7290
7848 7459 7845 7435
7930 7780 7568 7848
7893 7662 7787 7827
7999 7662 7759 7631
7415 7589 7515 7652
7363 7358 7816 7931
7733 7784 7698 7973
7616 7270 7754 7510
7420 7542 7307 7552
7579 7467 7327 7983
7581 7231 7802 7514
7567 7711 7204 7646
7656 7273 7562 7516
7245 7286 7829 7424
7792 7770 7423 7305
7258 7588 7467 7214
7760 7458 7997 7854
7397 7263 7791 7819
7362 7468 7570 7856
7698 7233 7620 7895
7965 7936 7726 7739
7848 7817 7865 7590
7875 7888 7463 7732
7804 7710 7756 7792
7239 7502 7880 7459
7281 7844 7909 7465
7274 7229 7897 7732
7559 7595 7560 7493
7530 7499 7785 7730
7958 7434 7446 7300
7721 7929 7393 7748
7843 7663 7832 7584
7919 7983 7886 7253
7569 7555 7428 7953
7429 7699 7768 7683
7922 7768 7215 7797
7419 7239 7463 7491
7985 7909 7628 7546
7887 7219 7366 7643
7806 7710 7432 7509
7619 7650 7223 7508
7562 7474 7449 7596
7334 7586 7364 7213
7774 7777 7854 7861
7698 7743 7554 7332
7808 7936 7836 7406
7238 7849 7671 7825
7628 7408 7448 7327
7426 7512 7292 7435
7454 7776 7914 7553
7371 7499 7359 7237
7681 7773 7331 7803
7469 7580 7736 7935
7864 7452 7253 7208
7400 7607 7649 7908
7437 7901 8000 7898
7954 7725 7532 7520
7348 7632 7384 7849
7419 7523 7494 7445
7982 7313 7605 7595
7986 7559 7292 7857
7622 7290 7775 7763
7586 7374 7322 7563
7534 7763 7682 7625
7660 7978 7427 7972
7817 7420 7509 7829
7432 7411 7710 7804
7560 7823 7707 7723
7265 7473 7555 7811
7824 7681 7417 7329
7207 7222 7910 7307
7565 7987 7591 7384
7843 7300 7230 7700
7835 7372 7991 7697
7518 7625 7598 7833
7806 7741 7562 7385
7892 7432 7715 7460
7587 7850 7216 7835
7609 7273 7840 7288
7518 7801 7430 7519
7229 7650 7675 7835
7708 7350 7307 7467
7212 7262 7574 7713
7346 7652 7930 7270
7288 7270 7371 7758
7297 7967 7268 7690
7582 7606 7463 7969
7980 7897 7349 7321
7568 7890 7519 7629
7392 7541 7444 7539
7608 7431 7724 7596
7280 7583 7960 7447
7428 7667 7323 7224
7850 7514 7477 7499
7670 7523 7920 7385
7246 7925 7606 7406
7570 7493 7413 7342
7859 7495 7416 7495
7388 7305 7366 7208
7985 7668 7825 7366
7909 7828 7992 7318
7998 7949 7950 7672
7815 7931 7926 7992
7465 7647 7803 7389
7957 7788 7430 7408
7587 7733 7842 7480
7820 7441 7918 7722
7510 7606 7511 7797
7936 7862 7239 7755
7325 7358 7313 7608
7926 7436 7464 7735
7489 7225 7319 7209
7792 7871 7704 7352
7893 7538 7361 7981
7986 7913 7479 7587
7539 7510 7382 7922
7769 7797 7946 7580
7981 7842 7372 7586
7588 7680 7225 7849
7341 7452 7681 7855
7934 7666 7491 7934
7262 7883 7634 7923
7593 7818 7257 7317
7979 7799 7302 7594
7555 7920 7935 7723
7982 7829 7873 7337
7309 7534 7771 7450
7989 7858 7902 7357
7614 7841 7533 7629
7689 7618 7281 7909
7516 7960 7303 7912
7379 7669 7959 7302
7915 7679 7204 7714
7962 7681 7451 7778
7907 7464 7380 7479
7761 7396 7541 7597
7384 7297 7599 7241
7512 7415 7631 7656
7552 7850 7681 7520
7321 7840 8000 7839
7452 7819 7896 7579
7362 7388 7731 7280
7753 7965 7549 7341
7546 7226 7557 7915
7348 7946 7443 7446
7654 7309 7201 7290
7867 7962 7594 7343
7865 7998 7245 7200
7715 7709 7837 7594
7949 7458 7462 7258
7398 7502 7911 7320
7796 7249 7555 7953
7458 7673 7758 7227
7720 7202 7687 7755
7246 7612 7850 7707
7982 7461 7303 7460
7281 7773 7710 7724
7291 7244 7277 7308
7817 7898 7484 7692
7294 7608 7591 7358
7351 7702 7887 7465
7831 7514 7238 7667
7268 7483 7767 7241
7749 7977 7560 7875
7854 7720 7356 7817
7338 7537 7501 7798
7529 7719 7740 7547
7651 7966 7314 7783
7707 7980 7405 7286
7550 7532 7829 7867
7602 7617 7257 7358
7818 7321 7652 7729
7558 7856 7352 7592
7647 7828 7750 7644
7696 7883 7729 7383
7513 7659 7268 7714
7715 7434 7722 7405
7480 7614 7754 7521
7645 7753 7838 7868
7587 7878 7620 7950
7745 7711 7721 7284
7457 7371 7629 7526
7425 7814 7276 7695
7226 7831 7682 7441
7984 7694 7457 7697
7790 7365 7540 7497
7524 7428 7481 7739
7946 7627 7404 7917
7952 7460 7396 7796
7361 7590 7570 7373
7869 7455 7602 7506
7819 7852 7705 7501
7255 7334 7287 7200
7427 7509 7971 7519
7555 7551 7528 7703
7255 7292 7405 7951
7494 7310 7350 7209
7434 7965 7630 7323
7486 7324 7776 7309
7810 7822 7320 7547
7394 7205 7730 7557
7558 7929 7476 7358
7208 7227 7944 7314
7848 7570 7606 7769
7309 7245 7568 7597
7379 7963 7879 7912
7788 7574 7250 7572
7616 7445 7970 7854
7351 7705 7252 7718
7734 7347 7814 7790
7442 7823 7595 7764
7732 7877 7755 7995
7302 7533 7608 7621
7265 7722 7745 7563
7339 7633 7810 7731
7218 7525 7486 7979
7760 7732 7231 7516
7685 7820 7249 7332
7675 7338 7449 7469
7581 7356 7512 7752
7509 7688 7763 7590
7211 7903 7937 7814
7857 7550 7342 7407
7721 7883 7975 7663
7599 7618 7737 7798
7628 7762 7893 7301
7925 7978 7405 7577
7552 7969 7239 7327
7842 7319 7335 7631
7964 7519 7987 7661
7355 7484 7443 7923
7549 7510 7200 7378
7527 7919 7947 7353
7902 7569 7327 7987
7337 7386 7317 7918
7595 7800 7969 7383
7802 7507 7779 7453
7491 7712 7459 7224
7950 7538 7530 7630
7545 7380 7296 7672
7997 7522 7555 7309
7312 7205 7623 7889
7223 7415 7917 7405
7667 7947 7597 7319
7716 7765 7341 7406
7293 7318 7424 7341
7637 7656 7218 7245
7929 7942 7639 7641
7976 7501 7613 7981
7345 7364 7532 7758
7432 7346 7762 7519
7950 7559 7857 7463
7878 7291 7290 7283
7780 7434 7650 7542
7925 7792 7931 7842
7864 7621 7272 7838
7968 7882 7892 7369
7531 7233 7229 7598
7485 7734 7931 7783
7299 7688 7377 7728
7996 7375 7754 7732
7375 7279 7873 7301
7663 7942 7265 7518
7712 7596 7552 7549
7559 7989 7432 7243
7316 7242 7419 7290
7295 7491 7242 7702
7283 7887 7421 7373
7666 7493 7722 7532
7450 7953 7656 7865
7796 7445 7310 7389
7242 7611 7927 7512
7283 7242 7351 7499
7995 7542 7520 7403
7564 7693 7801 7260
7579 7670 7242 7348
7796 7412 7355 7583
7449 7410 7572 7214
7750 7661 7919 7782
7763 7684 7623 7388
7513 7424 7553 7658
7898 7781 7946 7631
7910 7476 7568 7736
7676 7780 7988 7999
7659 7648 7331 7244
7240 7391 7297 7200
7501 7347 7527 7757
7546 7893 7789 7265
7384 7789 7856 7490
7770 7711 7400 7495
7367 7991 7315 7729
7789 7497 7718 7369
7789 7267 7760 7277
7302 7943 7418 7416
7366 7617 7713 7869
7613 7768 7289 7577
7471 7803 7923 7392
7672 7778 7406 7273
7485 7381 7485 7848
7697 7760 7339 7325
7786 7315 7390 7667
7547 7543 7895 7507
7250 7871 7588 7855
7798 7253 7719 7742
7362 7538 7247 7354
7990 7392 7441 7335
7667 7863 7762 7577
7858 7302 7540 7943
7544 7702 7983 7282
7309 7804 7908 7214
7560 7609 7909 7818
7929 7432 7415 7645
7420 7726 7485 7653
7351 7394 7655 7398
7587 7964 7910 7534
7329 7647 7572 7258
7311 7594 7300 7566
7524 7971 7676 7860
7215 7314 7496 7675
7575 7977 7738 7766
7591 7766 7442 7840
7779 7525 7463 7635
7241 7842 7869 7261
7722 7363 7846 7778
7718 7341 7423 7882
7393 7481 7465 7617
7577 7957 7520 7663
7672 7955 7732 7486
7674 7539 7537 7214
7548 7861 7699 7302
7910 7472 7804 7438
7830 7427 7843 7358
7568 7952 7605 7373
7570 7760 7204 7884
7555 7852 7963 7517
7955 7632 7321 7360
7784 7709 7633 7720
7641 7769 7536 7952
7594 7848 7365 7757
7970 7877 7392 7346
7567 7342 7604 7457
7741 7315 7988 7443
7287 7924 7617 7985
7629 7858 7430 7430
7226 7699 7200 7259
7303 7970 7599 7425
7421 7950 7232 7622
7329 7878 7985 7705
7807 7774 7296 7576
7814 7490 7328 7577
7582 7778 7839 7773
7480 7960 7232 7245
7667 7996 7669 7210
7580 7214 7355 7267
7728 7300 7299 7276
7523 7605 7921 7318
7876 7763 7216 7865
7648 7413 7614 7632
7247 7951 7983 7361
7252 7803 7224 7955
7533 7501 7869 7322
7466 7772 7231 7316
7340 7459 7698 7884
7496 8000 7641 7287
7694 7411 7331 7478
7907 7908 7403 7242
7309 7513 7444 7779
7715 7882 7784 7792
7598 7217 7884 7496
7704 7348 7579 7242
7859 7735 7473 7303
7293 7536 7250 7474
7832 7250 7316 7619
7842 7765 7611 7200
7476 7549 7796 7862
7700 7864 7857 7286
7205 7807 7684 7646
7804 7218 7389 7364
7669 7689 7232 7556
7200 7566 7537 7751
7555 7789 7247 7894
7889 7822 7680 7437
7422 7221 7219 7275
7595 7342 7522 7245
7780 7216 7216 7216
7239 7935 7233 7931
7688 7611 7317 7868
7370 7929 7411 7505
7772 7515 7314 7237
7462 7500 7855 7527
7852 7298 7550 7671
7739 7259 7815 7484
7986 7642 7673 7788
7956 7541 7728 7388
7559 7327 7344 7514
7672 7991 7347 7978
7882 7305 7449 7677
7797 7532 7766 7662
7632 7770 7674 7406
7234 7306 7420 7681
7876 7776 7883 7382
7304 7479 7231 7827
7781 7894 7686 7445
7543 7703 7240 7777
7716 7289 7627 7237
7915 7599 7906 7411
7547 7992 7288 7256
7882 7967 7345 7228
7544 7299 7863 7721
7749 7683 7340 7624
7342 7257 7859 7393
7842 7321 7602 7417
7231 7212 7239 7593
7760 7307 7834 7429
7481 7855 7573 7721
7902 7507 7374 7446
7891 7326 7989 7361
7489 7453 7794 7894
7556 7297 7381 7671
7255 7372 7208 7514
7439 7214 7432 7841
7856 7209 7764 7924
7599 7822 7449 7526
7812 7627 7946 7494
7459 7488 7280 7541
7301 7640 7578 7922
7785 7455 7319 7892
7780 7611 7535 7919
7619 7356 7964 7663
7864 7851 7701 7824
7440 7237 7360 7589
7216 7477 7576 7461
7460 7339 7533 7779
7490 7829 7614 7224
7776 7915 7295 7368
7258 7346 7758 7727
7454 7878 7217 7885
7648 7339 7847 7361
7240 7704 7438 7587
7917 7241 7287 7473
7678 7723 7621 7771
7202 7469 7340 7356
7233 7225 7410 7875
7838 7381 7893 7629
7581 7279 7513 7477
7686 7881 7733 7669
7476 7724 7387 7930
7908 7253 7381 7829
7695 7698 7534 7736
7396 7691 7419 7549
7407 7638 7420 7612
7760 7206 7525 7637
7981 7361 7689 7608
7775 7367 7959 7344
7940 7235 7923 7335
7407 7740 7875 7547
7935 7883 7707 7321
7704 7696 7243 7711
7438 7435 7396 7601
7262 7678 7478 7972
7695 7243 7812 7843
7846 7652 7444 7344
7218 7618 7700 7917
7540 7324 7491 7574
7643 7303 7345 7454
7742 7978 7645 7549
7403 7689 7696 7919
7534 7725 7590 7528
7981 7258 7991 7795
7740 7433 7242 7354
7663 7721 7698 7992
7727 7559 7637 7754
7551 7481 7231 7417
7822 7522 7213 7459
7692 7765 7865 7353
7296 7359 7567 7283
7858 7829 7658 7618
7967 7233 7929 7796
7786 7815 7758 7961
7909 7325 7758 7945
7734 7269 7949 7265
7448 7307 7806 7715
7436 7732 7905 7305
7792 7646 7296 7868
7357 7557 7901 7233
7588 7217 7810 7351
7715 7916 7956 7611
7400 7992 7240 7270
7775 7786 7365 7349
7523 7648 7640 7729
7558 7310 7334 7898
7295 7962 7962 7390
7938 7301 7457 7299
7479 7806 7633 7566
7696 7833 7317 7813
7800 7601 7658 7874
7386 7427 7563 7224
7729 7895 7428 7987
7774 7949 7339 7932
7350 7588 7888 7287
7446 7261 7270 7241
7641 7963 7705 7592
7961 7846 7465 7262
7454 7319 7713 7818
7592 7775 7717 7363
7274 7237 7830 7360
7849 7745 7988 7313
7871 7242 7666 7374
7438 7249 7528 7314
7356 7257 7975 7892
7701 7895 7979 7919
7898 7995 7660 7210
7329 7585 7544 7636
7999 7428 7745 7746
7244 7200 7966 7749
7738 7934 7579 7429
7233 7299 7210 7575
7711 7754 7975 7997
7493 7783 7428 7475
7517 7686 7850 7411
7904 7411 7519 7399
7403 7288 7804 7673
7916 7402 7475 7734
7981 7429 7412 7614
7203 7392 7989 7563
7388 7718 7608 7501
7393 7740 7680 7351
7307 7972 7464 7407
7200 7489 7250 7639
7730 7531 7615 7853
7290 7588 7844 7493
7540 7593 7982 7821
7973 7887 7576 7489
7971 7690 7508 7536
7542 7487 7660 7204
7968 7333 7576 7411
7684 7569 7366 7953
7444 7923 7505 7856
7373 7722 7936 7700
7561 7453 7706 7645
7950 7659 7331 7753
7256 7531 7513 7693
7481 7385 7790 7709
7566 7975 7419 7609
7838 7251 7602 7890
7423 7235 7271 7713
7724 7303 7264 7723
7504 7217 7999 7204
7557 7281 7765 7293
7747 7398 7340 7205
7986 7876 7994 7258
7921 7926 7356 7348
7923 7967 7528 7443
7631 7416 7282 7928
7505 7682 7262 7206
7529 7660 7764 7546
7797 7674 7959 7491
7664 7530 7886 7647
7876 7903 7473 7623
7235 7986 7400 7751
7713 7695 7395 7969
7493 7414 7518 7270
7906 7752 7898 7315
7374 7505 7436 7980
7902 7964 7574 7480
7890 7486 7259 7479
7913 7446 7540 7368
7762 7978 7787 7906
7247 7772 7848 7253
7826 7547 7294 7986
7799 7322 7265 7998
7610 7670 7889 7422
7546 7443 7873 7785
7698 7727 7864 7893
7490 7584 7720 7743
7723 7478 7543 7505
7453 7547 7712 7204
7567 7985 7881 7991
7912 7611 7351 7928
7802 7768 7968 7880
7207 7566 7839 7232
7634 7285 7919 7992
7266 7768 7671 7312
7980 7773 7661 7957
7428 7746 7793 7869
7583 7439 7469 7737
7380 7835 7641 7437
7863 7491 7253 7759
7872 7210 7576 7755
7942 7740 7995 7580
7676 7687 7940 7382
7387 7470 7382 7591
7522 7450 7580 7736
7501 7845 7983 7438
7609 7977 7862 7494
7969 7781 7682 7814
7655 7837 7628 7593
7902 7660 7541 7263
7331 7874 7560 7833
7505 7748 7427 7912
7760 7645 7620 7545
7729 7526 7471 7975
7601 7955 7679 7410
7446 7293 7718 7491
7297 7209 7711 7403
7887 7485 7377 7481
7687 7494 7510 7738
7791 7793 7944 7233
7643 7518 7456 7631
7918 7835 7203 7748
7288 7319 7223 7376
7970 7912 7468 7240
7757 7667 7475 7240
7411 7336 7940 7215
7934 7947 7752 7334
7293 7742 7939 7646
7521 7277 7719 7760
7879 7415 7815 7333
7594 7317 7750 7721
7993 7631 7886 7461
7763 7686 7958 7291
7596 7968 7309 7743
7676 7388 7545 7470
7451 7875 7621 7270
7474 7724 7564 7712
7468 7588 7692 7757
7442 7689 7678 7761
7343 7595 7631 7293
7987 7381 7435 7416
7340 7909 7243 7652
7250 7245 7376 7624
7896 7935 7609 7998
7760 7709 7347 7765
7812 7643 7760 7970
7292 7603 7221 7412
7518 7901 7773 7990
7484 7691 7825 7725
7549 7693 7951 7396
7519 7993 7227 7606
7436 7481 7207 7757
7979 7428 7227 7699
7377 7244 7380 7862
7397 7721 7891 7346
7782 7931 7221 7298
7819 7288 7729 7215
7996 7601 7322 7473
7757 7860 7535 7806
7357 7864 7668 7416
7855 7234 7503 7727
7520 7315 7954 7319
7404 7692 7842 7734
7449 7312 7580 7557
7329 7664 7760 7652
7246 7389 7676 7808
7509 7227 7951 7817
7920 7675 7800 7405
7350 7233 7692 7576
7984 7487 7414 7297
7707 7432 7499 7314
7554 7484 7489 7766
7767 7620 7630 7364
7689 7275 7957 7397
7524 7979 7989 7967
7412 7238 7488 7821
7651 7531 7748 7486
7792 7806 7589 7487
7276 7679 7260 7909
7274 7295 7916 7725
7810 7867 7953 7386
7721 7890 7219 7770
7413 7564 7464 7961
7865 7549 7234 7594
7243 7730 7283 7829
7336 7535 7981 7318
7285 7829 7266 7641
7722 7761 7684 7338
7365 7208 7529 7527
7957 7383 7872 7529
7339 7265 7925 7776
7444 7548 7337 7706
7348 7436 7730 7424
7705 7696 7462 7666
7305 7971 7421 7787
7687 7313 7292 7858
7525 7575 7391 7908
7699 7593 7800 7503
7262 7396 7569 7583
7960 7430 7684 7379
7336 7995 7721 7618
7238 7583 7230 7390
7688 7952 7679 7616
7249 7240 7949 7594
7893 7539 7705 7839
7918 7613 7769 7543
7436 7459 7807 7206
7251 7599 7756 7436
7468 7479 7239 7446
7776 7906 7268 7797
7294 7524 7342 7549
7782 7671 7612 7895
7483 7541 7918 7967
7322 7430 7912 7765
7702 7798 7936 7911
7700 7727 7847 7299
7821 7258 7284 7854
7301 7445 7325 7245
7496 7374 7309 7642
7557 7554 7265 7698
7202 7798 7796 7967
7726 7961 7318 7903
7479 7608 7576 7679
7293 7555 7673 7783
7373 7653 7420 7289
7475 7876 7830 7383
7794 7853 7285 7395
7949 7311 7251 7603
7276 7973 7560 7604
7325 7937 7499 7616
7271 7754 7532 7270
7486 7555 7416 7693
7263 7997 7855 7803
7868 7865 7515 7865
7615 7611 7966 7768
7912 7639 7835 7217
7343 7983 7794 7502
7410 7502 7988 7647
7443 7254 7778 7687
7254 7887 7404 7913
7720 7680 7781 7210
7689 7993 7412 7293
7214 7553 7512 7254
7755 7678 7988 7515
7659 7823 7514 7784
7602 7231 7730 7553
7702 7816 7487 7941
7880 7652 7786 7818
7467 7584 7398 7583
7498 7662 7888 7861
7370 7250 7901 7739
7945 7430 7934 7469
7506 7624 7911 7406
7227 7256 7397 7561
7891 7564 7363 7971
7983 7900 7318 7919
7564 7307 7369 7581
7916 7736 7552 7411
7453 7561 7395 7673
7245 7488 7623 7674
7761 7384 7412 7455
7594 7434 7352 7240
7965 7961 7572 7831
7307 7472 7533 7575
7832 7350 7697 7292
7554 7975 7521 7207
7658 7645 7653 7452
7400 7659 7875 7984
7991 7202 7617 7798
7650 7714 7416 7779
7858 7263 7410 7886
7226 7717 7959 7910
7804 7900 7988 7273
7239 7219 7297 7837
7620 7397 7215 7740
7449 7793 7874 7524
7240 7482 7447 7800
7968 7581 7574 7268
7824 7373 7255 7204
7761 7874 7434 7283
7606 7769 7875 7745
7477 7206 7769 7397
7315 7844 7836 7225
7394 7472 7799 7627
7519 7942 7508 7713
7679 7354 7583 7890
7908 7399 7413 7542
7383 7897 7530 7752
7532 7555 7823 7427
7443 7623 7541 7660
7264 7224 7603 7908
7681 7895 7462 7775
7369 7754 7779 7688
7816 7818 7262 7313
7585 7630 7787 7791
7346 7521 7423 7496
7881 7536 7471 7773
7710 7743 7381 7222
7733 7213 7801 7578
7473 7734 7363 7545
7953 7427 7249 7453
7451 7816 7836 7673
7738 7369 7709 7279
7416 7629 7327 7615
7585 7796 7441 7321
7268 7473 7429 7260
7228 7399 7794 7494
7577 7360 7373 7885
7950 7566 7899 7759
7941 7766 7480 7969
7895 7451 7471 7356
7405 7361 7503 7582
7700 7585 7692 7868
7523 7502 7661 7566
7679 7328 7519 7869
7787 7893 7961 7252
7732 7255 7803 7808
7515 7751 7286 7350
7656 7998 7359 7973
7368 7796 7766 7229
7646 7567 7899 7392
7335 7608 7952 7454
7356 7593 7459 7781
7937 7729 7271 7503
7827 7663 7898 7817
7915 7940 7738 7785
7387 7911 7701 7498
7864 7232 7999 7960
7730 7945 7914 7937
7455 7814 7901 7288
7351 7836 7820 7344
7893 7860 7961 7287
7787 7996 7239 7384
7804 7827 7373 7737
7784 7619 7450 7365
7483 7475 7590 7445
